[gd_scene load_steps=14 format=2]

[ext_resource path="res://Assets/Textures/TexturesCom_RockGrassy0142_2_seamless_S.jpg" type="Texture" id=1]
[ext_resource path="res://Assets/Cars/Caterham/Car.tscn" type="PackedScene" id=2]
[ext_resource path="res://Assets/Scenes/track-base.tscn" type="PackedScene" id=3]
[ext_resource path="res://Assets/MeshLibrary.tres" type="MeshLibrary" id=4]
[ext_resource path="res://Script/indy_car.gd" type="Script" id=5]
[ext_resource path="res://indy_car1.tscn" type="PackedScene" id=6]
[ext_resource path="res://CSGBox.gd" type="Script" id=7]

[sub_resource type="SpatialMaterial" id=1]
albedo_texture = ExtResource( 1 )
uv1_scale = Vector3( 30, 30, 30 )

[sub_resource type="PlaneMesh" id=2]
material = SubResource( 1 )
size = Vector2( 750, 500 )

[sub_resource type="BoxShape" id=3]
extents = Vector3( 50, 1, 50 )

[sub_resource type="BoxShape" id=4]

[sub_resource type="SpatialMaterial" id=5]
albedo_color = Color( 0.415686, 0.109804, 0.109804, 1 )

[sub_resource type="CubeMesh" id=6]
material = SubResource( 5 )

[node name="Spatial" type="Spatial"]

[node name="VBoxContainer" type="VBoxContainer" parent="."]
anchor_right = 1.0
anchor_bottom = 1.0
margin_right = 40.0
margin_bottom = 40.0
__meta__ = {
"_edit_use_anchors_": false
}

[node name="HBoxContainer" type="HBoxContainer" parent="VBoxContainer"]
margin_right = 1064.0
margin_bottom = 318.0
size_flags_horizontal = 3
size_flags_vertical = 3
__meta__ = {
"_edit_use_anchors_": false
}

[node name="ViewportContainer" type="ViewportContainer" parent="VBoxContainer/HBoxContainer"]
margin_right = 1064.0
margin_bottom = 318.0
size_flags_horizontal = 3
size_flags_vertical = 3
stretch = true

[node name="Viewport" type="Viewport" parent="VBoxContainer/HBoxContainer/ViewportContainer"]
size = Vector2( 511, 298 )
handle_input_locally = false
render_target_update_mode = 3

[node name="indy_car_sm" parent="VBoxContainer/HBoxContainer/ViewportContainer/Viewport" instance=ExtResource( 6 )]
transform = Transform( -0.98926, 0, 0.146169, 0, 1, 0, -0.146169, 0, -0.98926, -41.2229, 4.53119, -27.7796 )
script = ExtResource( 5 )

[node name="Camera2" type="Camera" parent="VBoxContainer/HBoxContainer/ViewportContainer/Viewport/indy_car_sm"]
transform = Transform( 0.0922855, -0.258849, 0.961499, 0.00660856, 0.965758, 0.259361, -0.995711, -0.0175811, 0.090836, 3.38408, 1.37014, 0.157051 )
current = true
fov = 34.8165

[node name="HBoxContainer2" type="HBoxContainer" parent="VBoxContainer"]
margin_top = 322.0
margin_right = 1064.0
margin_bottom = 640.0
size_flags_horizontal = 3
size_flags_vertical = 3
__meta__ = {
"_edit_use_anchors_": false
}

[node name="ViewportContainer" type="ViewportContainer" parent="VBoxContainer/HBoxContainer2"]
margin_right = 1064.0
margin_bottom = 318.0
size_flags_horizontal = 3
size_flags_vertical = 3
stretch = true

[node name="Viewport" type="Viewport" parent="VBoxContainer/HBoxContainer2/ViewportContainer"]
size = Vector2( 511, 298 )
handle_input_locally = false
render_target_update_mode = 3

[node name="Classic" parent="VBoxContainer/HBoxContainer2/ViewportContainer/Viewport" instance=ExtResource( 2 )]
transform = Transform( 0.131818, -0.0610103, 0.989395, 0.00460424, 0.998131, 0.0609357, -0.991264, -0.00347701, 0.131853, -41.458, 4.59244, -30.6662 )

[node name="Camera" type="Camera" parent="VBoxContainer/HBoxContainer2/ViewportContainer/Viewport/Classic"]
transform = Transform( -0.999214, -0.00961777, -0.0384453, -0.0276773, 0.863679, 0.503282, 0.0283639, 0.503951, -0.863267, -0.169207, 2.30674, -2.81433 )
current = true
fov = 112.5

[node name="Ground" type="StaticBody" parent="."]

[node name="MeshInstance" type="MeshInstance" parent="Ground"]
mesh = SubResource( 2 )
material/0 = null

[node name="CollisionShape" type="CollisionShape" parent="Ground"]
transform = Transform( 1, 0, 0, 0, 1, 0, 0, 0, 1, 0, -1, 0 )
shape = SubResource( 3 )

[node name="DirectionalLight" type="DirectionalLight" parent="."]
transform = Transform( 0.0167578, -0.99847, 0.0527053, 0.952121, 0.0320289, 0.304038, -0.305261, 0.0450869, 0.951201, -3.41593, 22.4084, 36.9135 )
light_energy = 2.0
shadow_enabled = true

[node name="GridMap" type="GridMap" parent="."]
mesh_library = ExtResource( 4 )
cell_size = Vector3( 1, 0.001, 1 )
data = {
"cells": PoolIntArray( 13, 19, 90, 4, 20, 90, 7, 20, 90, 18, 20, 85, 10, 22, 90, 0, 23, 90, 2, 23, 90, 21, 23, 85, 65535, 23, 90, 6, 24, 55, 15, 25, 90, 65534, 25, 90, 15, 26, 90, 12, 27, 89, 65535, 29, 90, 6, 30, 90, 11, 30, 90, 9, 31, 90, 19, 32, 90, 65534, 32, 89, 1, 33, 89, 4, 33, 89, 65528, 33, 84, 65530, 33, 84, 4, 34, 89, 24, 34, 89, 24, 35, 89, 14, 36, 89, 9, 37, 89, 18, 37, 89, 65531, 38, 85, 65526, 40, 85, 9, 41, 89 )
}
__meta__ = {
"_editor_clip_": 0
}

[node name="Path" parent="." instance=ExtResource( 3 )]
lower_ground_width = 12.0
rail_distance = 1.0
post_distance = 1.0

[node name="TestBox" type="RigidBody" parent="."]
transform = Transform( 1, 0, 0, 0, 1, 0, 0, 0, 1, -10.2653, 5.91598, -27.9371 )
script = ExtResource( 7 )

[node name="CollisionShape" type="CollisionShape" parent="TestBox"]
shape = SubResource( 4 )

[node name="MeshInstance" type="MeshInstance" parent="TestBox"]
mesh = SubResource( 6 )
material/0 = null
